2 2, 2 2
2 3, 2 3
2 4, 2 4
2 5, 2 5
2 6, 2 6
2 7, 2 7
2 8, 2 8
2 9, 2 9
2 10, 2 10
2 11, 2 11
2 12, 2 12
2 13, 2 13
2 14, 2 14
2 15, 2 15
2 16, 2 16
3 2, 2 63
3 3, 3 2
3 4, 3 3
3 5, 3 4
3 6, 3 5
3 7, 3 6
3 8, 3 7
3 9, 3 8
3 10, 3 9
4 2, 3 10
4 3, 5 2
4 4, 5 3
4 5, 5 4
4 6, 5 5
4 7, 5 6
4 8, 5 7
5 2, 6 2
5 3, 6 3
5 4, 6 4
5 5, 6 5
5 6, 6 6
5 7, 7 2
6 2, 7 3
6 3, 7 4
6 4, 7 5
6 5, 10 2
6 6, 10 3
7 2, 10 4
7 3, 10 5
7 4, 11 2
7 5, 11 3
8 2, 11 4
8 3, 12 2
8 4, 12 3
8 5, 12 4
9 2, 13 2
9 3, 13 3
9 4, 13 4
9 5, 14 2
10 2, 14 3
10 3, 14 4
10 4, 15 2
10 5, 15 3
11 2, 15 4
11 3, 17 2
11 4, 17 3
12 2, 17 4
12 3, 18 2
12 4, 18 3
13 2, 19 2
13 3, 19 3
13 4, 20 2
14 2, 20 3
14 3, 21 2
14 4, 21 3
15 2, 22 2
15 3, 22 3
15 4, 23 2
16 2, 23 3
16 3, 24 2
16 4, 24 3
17 2, 26 2
17 3, 26 3
17 4, 28 2
18 2, 28 3
18 3, 29 2
19 2, 29 3
19 3, 30 2
20 2, 30 3
20 3, 31 2
21 2, 31 3
21 3, 33 2
22 2, 33 3
22 3, 34 2
23 2, 34 3
23 3, 35 2
24 2, 35 3
24 3, 37 2
25 2, 37 3
25 3, 38 2
26 2, 38 3
26 3, 39 2
27 2, 39 3
27 3, 40 2
28 2, 40 3
28 3, 41 2
29 2, 41 3
29 3, 42 2
30 2, 42 3
30 3, 43 2
31 2, 43 3
31 3, 44 2
32 2, 44 3
32 3, 45 2
33 2, 45 3
33 3, 46 2
34 2, 46 3
34 3, 47 2
35 2, 48 2
35 3, 50 2
36 2, 51 2
36 3, 52 2
37 2, 53 2
37 3, 54 2
38 2, 55 2
38 3, 56 2
39 2, 57 2
39 3, 58 2
40 2, 59 2
40 3, 60 2
41 2, 61 2
41 3, 62 2
42 2, 63 2
42 3, 65 2
43 2, 66 2
43 3, 67 2
44 2, 68 2
44 3, 69 2
45 2, 70 2
45 3, 71 2
46 2, 72 2
46 3, 73 2
47 2, 74 2
48 2, 75 2
49 2, 76 2
50 2, 77 2
51 2, 78 2
52 2, 79 2
53 2, 80 2
54 2, 82 2
55 2, 83 2
56 2, 84 2
57 2, 85 2
58 2, 86 2
59 2, 87 2
60 2, 88 2
61 2, 89 2
62 2, 90 2
63 2, 91 2
64 2, 92 2
65 2, 93 2
66 2, 94 2
67 2, 95 2
68 2, 96 2
69 2, 97 2
70 2, 98 2
71 2, 99 2
72 2, 101 2
73 2, 102 2
74 2, 103 2
75 2, 104 2
76 2, 105 2
77 2, 106 2
78 2, 107 2
79 2, 108 2
80 2, 109 2
81 2, 110 2
82 2, 111 2
83 2, 112 2
84 2, 113 2
85 2, 114 2
86 2, 115 2
87 2, 116 2
88 2, 117 2
89 2, 118 2
90 2, 119 2
91 2, 120 2
92 2, 122 2
93 2, 123 2
94 2, 124 2
95 2, 126 2
96 2, 127 2
97 2, 129 2
98 2, 130 2
99 2, 131 2
100 2, 132 2
101 2, 133 2
102 2, 134 2
103 2, 135 2
104 2, 136 2
105 2, 137 2
106 2, 138 2
107 2, 139 2
108 2, 140 2
109 2, 141 2
110 2, 142 2
111 2, 143 2
112 2, 145 2
113 2, 146 2
114 2, 147 2
115 2, 148 2
116 2, 149 2
117 2, 150 2
118 2, 151 2
119 2, 152 2
120 2, 153 2
121 2, 154 2
122 2, 155 2
123 2, 156 2
124 2, 157 2
125 2, 158 2
126 2, 159 2
127 2, 160 2
128 2, 161 2
129 2, 162 2
130 2, 163 2
131 2, 164 2
132 2, 165 2
133 2, 166 2
134 2, 167 2
135 2, 168 2
136 2, 170 2
137 2, 171 2
138 2, 172 2
139 2, 173 2
140 2, 174 2
141 2, 175 2
142 2, 176 2
143 2, 177 2
144 2, 178 2
145 2, 179 2
146 2, 180 2
147 2, 181 2
148 2, 182 2
149 2, 183 2
150 2, 184 2
151 2, 185 2
152 2, 186 2
153 2, 187 2
154 2, 188 2
155 2, 189 2
156 2, 190 2
157 2, 191 2
158 2, 192 2
159 2, 193 2
160 2, 194 2
161 2, 195 2
162 2, 197 2
163 2, 198 2
164 2, 199 2
165 2, 200 2
166 2, 201 2
167 2, 202 2
168 2, 203 2
169 2, 204 2
170 2, 205 2
171 2, 206 2
172 2, 207 2
173 2, 208 2
174 2, 209 2
175 2, 210 2
176 2, 211 2
177 2, 212 2
178 2, 213 2
179 2, 214 2
180 2, 215 2
181 2, 217 2
182 2, 218 2
183 2, 219 2
184 2, 220 2
185 2, 221 2
186 2, 222 2
187 2, 223 2
188 2, 224 2
189 2, 226 2
190 2, 227 2
191 2, 228 2
192 2, 229 2
193 2, 230 2
194 2, 231 2
195 2, 232 2
196 2, 233 2
197 2, 234 2
198 2, 235 2
199 2, 236 2
200 2, 237 2
201 2, 238 2
202 2, 239 2
203 2, 240 2
204 2, 241 2
205 2, 242 2
206 2, 244 2
207 2, 245 2
208 2, 246 2
209 2, 247 2
210 2, 248 2
211 2, 249 2
212 2, 250 2
213 2, 251 2
214 2, 252 2
215 2, 253 2
216 2, 254 2
217 2, 255 2
218 2, 257 2
219 2, 258 2
220 2, 259 2
221 2, 260 2
222 2, 261 2
223 2, 262 2
224 2, 263 2
225 2, 264 2
226 2, 265 2
227 2, 266 2
228 2, 267 2
229 2, 268 2
230 2, 269 2
231 2, 270 2
232 2, 271 2
233 2, 272 2
234 2, 273 2
235 2, 274 2
236 2, 275 2
237 2, 276 2
238 2, 277 2
239 2, 278 2
240 2, 279 2
241 2, 280 2
242 2, 281 2
243 2, 282 2
244 2, 283 2
245 2, 284 2
246 2, 285 2
247 2, 286 2
248 2, 287 2
249 2, 288 2
250 2, 290 2
251 2, 291 2
252 2, 292 2
253 2, 293 2
254 2, 294 2
255 2, 295 2
256 2, 296 2
257 2, 297 2
258 2, 298 2
259 2, 299 2
260 2, 300 2
261 2, 301 2
262 2, 302 2
263 2, 303 2
264 2, 304 2
265 2, 305 2
266 2, 306 2
267 2, 307 2
268 2, 308 2
269 2, 309 2
270 2, 310 2
271 2, 311 2
272 2, 312 2
273 2, 313 2
274 2, 314 2
275 2, 315 2
276 2, 316 2
277 2, 99633
278 2
279 2
280 2
281 2
282 2
283 2
284 2
285 2
286 2
287 2
288 2
289 2
290 2
291 2
292 2
293 2
294 2
295 2
296 2
297 2
298 2
299 2
300 2
301 2
302 2
303 2
304 2
305 2
306 2
307 2
308 2
309 2
310 2
311 2
312 2
313 2
314 2
315 2
316 2
99634
















































































































































































































































































































































































